7079535
224418328
283008402
458566035
872913108
1001741140
2187186626
2503455264
2701630223
3265319246
1489064
43732543
92550062
123148457
177890445
204386338
225166591
235394557
237154343
251410167
282751918
286830884
325579441
360893037
412328518
420243226
429175344
471396773
505848827
541932756
600488069
613796500
650377541
692409549
723344942
769308977
848329112
850219403
891310264
988248347
1002521536
1048019184
1066035653
1069174865
1074326767
1095572381
1288211173
1316806617
1494075722
1540269709
1605776184
1668545724
1720189689
1732833649
1747186218
1747387726
1763898588
1855580699
1990533165
2014505440
2051626794
2053466969
2291907618
2331892761
2441591930
2443322020
2492737505
2493801798
2572415409
2595999366
2646715208
2789947644
2884980590
2904675003
2922954503
2923369525
2954890162
2985459212
3030169275
3040891399
3052646385
3069118039
3071122870
3127633621
3136033267
3139067975
3146932460
3181776211
3190823508
3210657338
3258229144
3278594039
3282650830
3298125451
3375901628
3400872920
3471834957
3504227627
3518567580
3526131130
3559145271
3583393112
3698634447
3705846748
3715388742
3806462393
3811246209
3845286314
3849733891
3927656657
3934519650
3945528629
3952026073
3981989606
4012319473
4143039328
4147973601
4228119811
4232724511

9937475
10527653
42075396
83694022
93151120
93672313
118552912
180741476
198006736
199032524
204576363
223568951
242842342
294146956
296898534
298612816
310805527
312241397
316547487
317515107
323687812
329850470
345876431
351941963
366754701
366821473
378405448
397757493
423991415
435869886
437531903
460521986
461507207
462468188
472201931
472475038
495227583
500384226
512672065
523284985
524826923
541226943
544655129
553202326
554988855
556500162
559145140
559701419
569000180
584474114
594556661
600842123
608056970
611290038
612758229
616421174
622177591
630393931
631892251
637931503
638655521
655366426
663639012
664881264
705494328
716215507
718135660
737969244
739895758
742373137
754748795
771271731
785486222
793771060
825131876
834760897
841936326
875352312
896466771
926530786
937106303
978528747
993136551
1015530125
1049549281
1050723235
1061667850
1091416167
1187248386
1199318662
1203321277
1207568535
1209343209
1217572718
1225933180
1229987170
1271890879
1298293044
1300558007
1309754963
1319308037
1324851731
1327090012
1352872159
1386400070
1394937968
1405050666
1406051765
1416993529
1426703054
1441179406
1444225491
1454677252
1482473818
1496761636
1523027379
1532196550
1536988442
1541618405
1545868422
1553883178
1576307199
1581420357
1605758342
1613545026
1614186997
1615178913
1625173008
1626061895
1645778630
1671160278
1672824922
1692083765
1710045536
1746582080
1767294677
1782888185
1804001033
1825916319
1826961381
1851414798
1855657728
1871387123
1877762961
1910973650
1966148218
1967947084
1975981029
1977862921
1995660594
1996782475
2015291419
2024689125
2028905540
2039264322
2042153675
2042874265
2060446808
2084412921
2095087953
2095521873
2110232111
2115653678
2118933756
2136966196
2192979738
2211269725
2216094745
2228622619
2231224636
2238454190
2239861461
2273729162
2281819138
2300587611
2324378146
2327206723
2330839856
2339063748
2351826734
2360490478
2363003600
2364011289
2372537854
2384954500
2417739803
2427933327
2438900334
2457247973
2469875051
2474256974
2479390561
2482429522
2512101033
2516270366
2519344371
2536767325
2539576600
2545371644
2547104620
2550855492
2592963116
2601930789
2605743846
2616569968
2616784934
2632917370
2639425074
2639617678
2640158076
2673031539
2713861868
2713898347
2720257571
2721388973
2726953639
2740535632
2745962021
2808438003
2809344928
2858688937
2863664155
2875113147
2880231092
2887043531
2890034638
2897390520
2901867489
2902097797
2902992677
2913920070
2926159900
2928332099
2949944943
2961239554
2967962964
2973499832
2980219038
2998185895
3009669485
3014001287
3016026004
3022253865
3031712907
3036102714
3045761766
3047885499
3050016114
3072581122
3083675289
3123324616
3127148958
3129712614
3149744702
3193210138
3194102662
3195553685
3230608619
3249535459
3256134202
3276345852
3279066457
3296577655
3308287332
3329126691
3336443708
3348138409
3360190770
3367713156
3367871887
3390162677
3391247822
3392199384
3400209413
3401548953
3412138930
3425956814
3428998428
3451826206
3457567127
3469359990
3478249866
3484362409
3493866758
3508006446
3529115242
3531976318
3533558788
3555331837
3570843586
3610467077
3620552654
3621848088
3631100347
3656559737
3658491012
3692409022
3697199586
3702650721
3721082431
3723029679
3733836723
3753704930
3760021961
3761639475
3770306767
3786652343
3787926723
3793915962
3825461837
3842560099
3847871391
3848590961
3851201422
3860191328
3872163271
3873969436
3880577585
3896232554
3915148911
3920697142
3924575846
3924906615
3927464325
3940519029
3942901653
3945789527
3946963786
3953943350
3979253261
3979658803
3984827159
3986618206
3986833208
4023185962
4026062280
4038523246
4047053937
4090303940
4107125330
4115058116
4122137482
4123512340
4150995564
4160773602
4164790406
4180280262
4210701733
4215042937
4216492807
4234115461
4235213166
1158136688
2370116483
292136335
1167615011
1230606346
1453900884
1831414763
2454829179
2999948397
3073835136
3710366205
4228278603
4283148058
