1530489467
1432398056
4202868537
561913624
3371498678
3396619717
2265318157
2217734534
3031653810
3443665058
804119634
1472482162
4019510599
1500257626
1068601125
1318242912
184143856
3942535391
2450663153
104983832
1446254949
500855846
911835617
368586264
2951130021
591731182
2023851326
3610395780
3186624026
3962304554
2973097149
199044653
3777183860
4258228081
1974185602
3297759236
728879063
3100429757
385624276
895026164
3487140098
1875147223
3205930904
895529986
3157073279
1317533097
983125838
2012903396
4287486012
3641577009
2999967408
3969758229
866353107
2801188700
244962479
357669894
2829631605
1248609765
2440322811
2481191805
1947843660
3711909737
1536918290
370178288
2653120201
100777367
41204288
489012528
4057988174
2657224742
2777007127
3107697510
3193136896
1690966841
849026681
225225504
1425812200
4250768714
1491421717
590535157
2412316710
1245047319
3005212041
190940128
2319021156
2113759707
4257632892
3369952648
2497847321
1654546587
2795470991
631765835
2684635073
2674482002
3156094081
195789850
2948815531
1667677949
3798234166
4125130163
2709131009
4103551892
2628821024
518500859
2445979707
2343446301
1375828191
3589755714
4126739186
2358641809
3754167279
2091872133
2617377844
3696614179
3740905017
857869852
277053221
