1906262577
3887964718
3766525960
1186080559
3205930904
1421364602
830454128
3425746792
3473403912
3971430168
3903686281
27716120
761386396
2652170783
224983923
264292896
429883144
3575550491
0
2782052433
3289182235
3580417816
84845455
3214141139
889322046
1889384352
2150272442
1980404041
2705021152
2875522776
1374194485
2734071139
2687188572
742147248
1216787998
4151517180
1002747338
2580803193
529740252
3575455946
2767765335
498969056
2522325886
3307167123
2822185132
1426783479
4074224173
2248060981
372053652
290491003
585773716
2178281953
2115919274
2846035852
3053792057
63423375
1695362536
3064703516
2086241473
1015378636
4252200388
2698793434
3831793513
3469622751
972182998
4012653383
1537653379
1237751454
3494159834
1472218498
3257163945
3874840034
1701741934
2502195387
1012779060
1707229
4200662829
2774627174
942747784
105590805
889022796
1675509396
1981404629
2277564024
464375507
3917344756
3910320450
4149141493
56766423
1601540007
665450083
2423272801
3309337699
2158117977
2843869271
2355456565
1857330594
2041363434
3543771212
2989941015
3224359379
2192177633
3295892284
2492691771
3865646408
114361406
3636670183
78655034
3090888319
871484045
844077314
1583588362
2798475567
869797459
1501095329
1506037675
4101642813
429372416
250487303
592757087
1659759638
2197971255
1081936204
9849982
3751355129
864680225
726647789
914804393
3970419158
193383868
1721736065
1253041749
2502312302
3668803566
2041286851
3542547507
2894577152
3086447891
1330416291
1253514219
3897949358
2737748156
562368935
1949014808
2904083736
489043441
1502111043
845219778
847290127
2706572283
3617012488
1034422139
2745921482
4230581017
54309500
2374498381
3168100823
2736876118
235113885
1754559783
4156307283
3576550493
696443192
1216854417
1914886747
2106872558
1727309575
560779892
3904478589
4098979430
3411071316
884763089
1465500267
1443957244
1346050509
2714276919
2695804747
705985468
1569008875
3241945668
1698271155
466247554
3889406609
3667189977
2270174212
434682406
15940438
3629539790
2343966945
2342896354
452830113
1828910258
204467517
3700280476
610399527
4198968720
1132235735
1522238436
3128126392
2367451352
3535322761
3644221178
2655867727
3908974847
2135391100
627259811
3556276973
2978116790
3292334317
3146971909
3395764283
282213016
2510970538
190231517
2601327780
1115344089
3901047789
1698406069
2365895566
3544835727
4069442196
2024251337
2315957958
232109514
3450398797
564083942
4049333414
2966322394
4179515244
624885954
2983617477
3292935300
2594940311
2473841723
1776589620
501627905
1767673659
2880973762
4271233651
1896576813
2022557251
1556702491
1512614215
916542432
146898357
3633677245
3286802598
784178622
64152440
2896810606
1983613689
3670216628
1752475023
327641261
3643524089
1845092395
3331605842
3310903741
1841926314
3737552174
3429268937
3149939461
2843804593
2672926210
4281089606
2379525915
1052842544
1958715584
2118496740
3303689937
926072191
291455353
2315229447
3219545321
1812592780
4292238645
1969492179
2157245586
396650499
896397878
4128200456
837950973
3140547969
3234473325
3277527497
2126183876
2731248841
566053302
1013718766
687324572
1038784247
2878370552
1428378055
1148273680
3489572863
3531673645
1074487701
3762074326
3573007724
1135002005
3700406783
2134897450
3328188240
2294801910
4089558571
2068718067
3107587153
1134080289
2619050680
414152586
739803768
759746189
3331060590
1839168636
2510755356
1961754499
2421993261
3719673042
3801403037
3088084599
3870733340
3078179098
713982128
1689133340
1048307452
2067396565
3718762470
1184897068
2047941136
634780588
3096480605
220611171
3206518553
631474900
520357897
3779174668
1064993565
3164179087
696482495
3826325616
2916134128
319586970
599617257
2330877422
3827603461
2681402340
54681384
1705052240
1839805584
4073303659
2905784154
2813398991
2404842999
82426127
630519517
1179648402
2408051869
2695847685
2595156559
3302332994
244327952
644963773
1595794674
3078092601
3981743441
2960448851
1500337773
1729227762
1733949388
1726353573
3135348149
3516816449
2815564879
2058064314
341535995
3434341401
585727898
1601316126
2108925734
2892646020
2002086777
1821116550
932956498
1919856809
3359034183
2444149234
2986301945
931074904
3173413195
601209441
1392545386
3441857326
3187594653
523456317
2015686391
2697379790
1797298761
945223356
3587721226
166834094
1010213732
2269140976
1068984713
563697300
2085065184
1788873778
17873913
2156993795
3691592125
1287010181
803628826
93223811
2245800263
3337252060
185360822
885621116
3326354270
1905597242
350361374
3206483443
3492708642
351715697
3330329146
1225486477
2823226586
799385251
1779927943
2376610275
2552128250
3074544142
1795720876
372591152
2994620750
3123010381
2701541881
438482792
2900803146
857178020
1502369351
2185431545
512683985
3611095516
1654679769
1923640352
3540994020
235304830
4283837212
566480939
1403126469
406650958
770186243
2911792573
1861736385
2930561377
1391995224
866346318
970429649
731462241
882032469
1314712821
1328920746
3726272208
720912050
3552790188
2830271623
617236968
200883910
3961949071
4219767612
3553310310
566889450
3270184698
666076267
1472453153
141233267
72963328
1804725793
2220140814
170760729
2407305770
3771645784
1679180415
4237340250
3951401804
2826661566
1499617636
2318987893
1152135446
3059968501
3235074422
1705602967
1033797354
1075947578
2813495963
3253214636
3862610094
2962886142
281557091
879836911
4238423548
4136940374
3340425775
3975625430
664102086
4114886439
746317949
1389098054
3613766499
714999508
2368120786
2325167514
1333871731
4130116506
3645467429
427806693
845001147
2072697349
108613983
1817190654
4103248677
4193347466
818808413
3999096609
550480667
2845505003
2053474512
1332757396
618814652
1355022028
2849088614
108555231
2167522185
4003421456
663357375
287090642
3958439802
2450262645
913381222
